0
4
124
684
796
884
956
964
988
1000
1176
1224
1448
1464
1476
1568
1704
1720
1776
1892
1952
1980
2088
2180
2204
2268
2300
2352
2476
2500
2524
2532
2564
2648
2704
2716
2808
2832
2840
2896
3020
3040
2128
3088
3244
3424
3432
3440
3528
3760
3872
3944
3960
3392
3752
3984
4280
4288
4304
4316
4324
4332
4340
4368
4384
4416
4484
4496
4520
4536
4544
4576
4600
4644
4764
4796
5064
4920
4960
5584
5932
6044
5312
6424
6504
6544
6656
7016
980
7172
7300
7468
7804
6844
8756
10024
9328
5620
3608
3240
10812
10348
6064
7284
8260
2888
3180
13060
13156
3664
13184
14132
16572
16336
2872
9784
8184
19176
10532
17004
1536
4952
7860
2952
13336
12428
5724
10004
9448
6976
3504
6200
6368
8424
12496
14444
13668
12380
6312
15820
6872
6440
8164
15008
11500
1848
5924
1140
3172
14644
16188
7748
13576
7960
4000
5780
13144
16056
17064
19340
2240
9920
7788
6124
12868
9816
4168
18456
5664
18640
18376
15836
1236
17012
3980
13004
2740
12224
16688
9808
16004
8916
18020
6704
18168
10788
15552
18160
12940
9000
3280
9312
14412
8608
3396
19016
12160
13292
17540
2848
13552
14128
8296
15768
16700
3844
19396
9744
300
4476
10308
9752
17204
17984
7216
13304
5452
17084
9864
8732
6848
13020
2876
4256
14216
3556
13068
5616
